250
128
370
279
142
390
34
194
220
310
177
129
139.5
193
202
140
129
200
290
126
200
95
230
310
68
186
268
240
199
196
284
222
276
350
91
166
240
51
192
110
250
205
70
170
207
350
196
310
137
80
290
165
250
265
170
287
250
245
218
176
220
132
195
45
216
180
99
186
196
120
130
74
222
35
115
230
204
75
106
162
320
97
123
183
89
61
190
130
167
149
133
147
184
243
138
73
173
138
107
67
226
97
113
110
171
75
180
148
59
180
80
88
185
180
67
113
240
50
91
109
235
138
170
183
155
120
162
167
201
200
116
194
128
75
157
196
123
80
130
142
174.5
300
65
107
280
140
129
312
148
140
120
190
105
105
55
129
258
250
200
67
118
158
128
172
220
192
141
126
65
118
186
85
130
105
135
160
93
120
172
183
60
145
121
260
300
140
97
88
240
154
85
104
100
124
63
129
314
136
152
216
67
188
74
81
237
165
150
284
165
67
175
125
121
131
89
204
46
240
70
172
95
204
160
72
130
112
78
204
60
73
124
118
102
190
173
100
136
194
196
180
61
222
120
146
140
36
65
248
120
220
115
45
184
52
136
210
100
185
50
173
105
168
145
143
230
106
102
110
95
144
146
90
134
40
121
91
64
194
172
130
110
95
162
150
203
49
136
37
217
250
58
204
110
55
160
190
175
108
57
150
115
137
115
200
108
250
106
72
53
155
67
143
115
45
130
73
178
120
136
160
137.5
61
120
172
90
167
114
215
70
194
145
170
137
140
81
115
150
158
67
105
52
202
134
100
65
113
135
147
118
166
166
85
128
236
160
117
80
170
165
250
177
140
400
242
330
240
220
290
126
229
30
340
400
270
168
216
284
215
152
240
372
350
260
320
220
222
185
227
255
100
294
265
367
184
208
220
185
300
260
290
264
260
250
170
275
165
174
386
301
210
350
316
186
248
208
261
197
116
240
248
183
270
248
183
102
238
266
170
155
326
221
210
170
218
182
135
242
60
130
135
250
290
183
162
175
130
252
240
175
325
85
220
304
186
55
160
248
199
70
230
210
166
129
110.5
220
270
88
303
250
154
196
240
116
238
314
245
157
113
250
188
156
41
300
229
238
182
200
270
184
197
65
61
148
194
207
270
280
85
170
240
110
135
238
187.5
166
167
150
184
154
240
209
79
165
203
113
250
170
140
142
208
88
242
230
260
113
162
205
50
165
250
320
174
260
150
95
175
184
248
230
192
211
191
238
188
95
200
176
156
191
178
138
324
145
143
160
175
105
179
140
165
70
202
227
300
60
102
102
95
240
216
170
103
194
240
193
81
184
110
157
226
173
170
260
216
55
97
120
81
130
180
225
55
240
170
68
125
270
95
128
270
242.7
235
144
144
109
215
204
130
154
185
184
290
230
270
95
97
69
216
234
170
169
95
79
190
175
165
45
129
53
115
164
170
205
130
210
202
216
275
212
222
120
232
258
250
208
220
126
80
196
295
184
148
210
205
97
220
133
170
142
270
130
155
79
150
248
200
169
172
143
150
230
94
183
237
227
230
217
157
185
140
79
129
81
157
260
230
179.5
130
200
185
270
323
216
84
310
365
265
88
227
168
200
174
115
148
129
95
230
74
210
180
41
284
302
142
160
95
165
100
240
205
173
180
346
164
290
280
88
197
320
125
250
150
208
102
174
175
247
231
44
162
203
89
217
167
95
226
161
259
240
126
230
210
135
338
134
194
207
152
113
220
203
118
138
250
85
165
215
114
143
156
194
280
192
236
185
157
180
166
186
270
110
145
109
75
235
48
239
135
200
165
190
121
235
160
166
160
105
212
250
116
85
147
199
90
137
161
250
200
185
94
150
167
130
130
258
184
133.5
99
249
250
172
130
129
230
210
93
230
432
138
194
107
245
166
174
215
230
218
129
87
170
186
45
61
148
135
89
138
140
137.5
162
248
150
202
93
210
160
125
240
165
219
250
153
67
130
116
145
202
280
208
300
162
81
113
244
226
150
230
183
185
118
105
318
80
148
190
135
94
115
148
121
174
190
155
157
95
181
244
220
60
118
130
211
184
350
195
209
182
260
150
256
195
208
186
254
265
211
336
314
191
240
125
175
129
97
65
248
88
118
67
364
165
75
75
102
105
175
144
145
166
195
118
205
110
111
171
155
125
38
120
157
211
135
124
216
220
112
67
270
158
161
89
135
90
95
220
105
175
223
183
35
270
166
270
61
152
140
198
208
70
220
60
189
178
134
183
240
216
111
89
170
183
168
220
225
220
276
140
260
195
67
