33.4155363748
26.2612612613
58.7170795306
40.5919661734
30.0435413643
60.4035308953
16.2393162393
31.7073170732
51.174289246
56.3829787234
32.324137931
24.8275862069
30.4411764706
32.625994695
41.4307004471
33.277027027
26.1780821918
37.2727272727
50.4369538077
34.5483359746
38.527607362
21.1926605505
40.8874801902
51.354679803
17.4100719424
42.6075268817
46.2750716332
41.1764705882
40.9523809524
32.9758713137
42.1188630491
43.7974683544
40.5336721728
52.1739130435
23.112164297
35.8006042296
38.4066587396
14.2857142857
36.462585034
25.3234750462
44.171388102
37.0879120879
18.0685358255
44.2735042735
31.1111111111
56.1813186813
36.7575322812
58.6253369272
38.7024793388
20.0668896321
41.5472127418
32.7151335312
48.1241914618
47.4093264249
40.7350689127
39.7245762712
37.8920953576
45.4676258993
40.4791929382
24.7544204322
32.6879271071
21.7917675545
26.6856127886
9.8717948718
26.46884273
24.4318181818
22.467191601
27.9249448124
27
23.6714975845
18.0043383948
15.1479289941
26.3793103448
10.1
24.1379310345
29.4346978558
29.595959596
15.6553398058
20.1
23.8095238095
42.1889616464
22.2857142857
21.5568862275
23.422459893
16.2420382166
11.9870410367
23.9420289855
20.2857142857
28.9405684755
24.3213897937
23.1470923603
24.6590909091
27.5219298246
35.0840336134
20.5665024631
12.9883843717
27.6127612761
22.2587719298
27.7571251549
15.8620689655
28.207306712
16.3237311385
20.1834862385
19.6885428254
26.2486716259
17.2110552764
26.0485651214
21.6055500496
14.9295774648
27.5905118602
17.1981776765
18.1291759465
30.420417124
28.0821917808
13.4961439589
21.335078534
35.549132948
12.7582017011
15.8198614319
19.754601227
35.6906077348
21.5568862275
22.3166843783
29.8872180451
25.2734839477
18.3318056829
27.0152505447
30.5358948433
29.8354935194
30.9413067553
16.050686378
29.3757700205
22.3760092272
16.8978562421
29.0322580645
28.6393910561
25.1592814371
19.3211488251
27.2946859903
20.7373271889
30.3611738149
28.1067556297
15.8881578947
17.1658986175
42.0853080569
22.2222222222
26.2483994878
34.8228043143
20.5537806177
20.8378088077
19.9386503067
36.3938053097
22.6347305389
24.0093240093
13.4453781513
20.6534422404
35.0980392157
37.339055794
27.4927395934
14.4273127753
21.4942528736
31.0669456067
20.7655502392
28.5101822079
26.9433198381
27.7140335393
23.8445378151
23.6270753512
14.7770700637
17.701863354
25.4761904762
20.3513909224
17.9439252336
21.4559386973
25.9962168979
22.7014755959
19.7647058824
26.1025029797
25.1479289941
42.6582278481
10.3362391034
22.2222222222
22.2453222453
39.7715472482
49.5486459378
21.8325791855
19.991217064
16.9859514687
35.0318471338
24.7148288973
16.07347876
17.4363807729
16.7952430196
22.9960578187
8.8936170213
20.0841219769
38.6766076421
24.3743199129
15.9643435981
29.4014084507
18.0661577608
25.2773375594
17.1794871795
21.9298245614
32.5637393768
24.269005848
23.9910313901
38.3330097087
27.7711561383
13.1201764057
23.1448763251
17.0588235294
16.9651272385
24.4874715262
19.7247706422
21.7993079585
14.0178799489
26.4150943396
19.5460277427
27.1203155819
18.3240223464
29.0196078431
24.1062308478
14.6571834993
22.9834254144
16.0555004955
21.9707057257
30.7984790875
7.9107505071
13.7395459976
22.2575406032
21.218487395
17.7489361702
31.6483516484
26.5808823529
16.9398907104
27.1308523409
28.8
34.6622369878
30.0215982721
15.5499367889
35
17.9381443299
19.9554069119
29.7709923664
13.133640553
14.7852147852
36.9948186528
23.0927835052
28.6516853933
16.186895811
11.6564417178
26.8201892744
13
22.7732793522
26.7567567568
18.909512761
24.9773755656
12.3964365256
24.4
16.7789001122
21.935483871
18.2584269663
24
29.9368800721
15.4658981748
20.7974137931
14.3992055611
17.1361502347
18.2099391481
22.1319796954
15.0319829424
21.8
10.2850061958
21.3095238095
19.2236598891
15.3164556962
24.863174355
26.4818355641
16.852966466
16
27.027027027
21.9020172911
21.5587044534
32.5047801147
14.3258426966
16.3516068053
7.3359073359
27.5791624106
29.9313893654
13.4
25.1928020566
19.1489361702
10.6529209622
24.3838028169
24.6812386157
22.6960352423
15.1639344262
11.8483412322
25.1086956522
18.3
18.5737976783
17.4277726002
21.4463840399
21.1722488038
25.5886970173
15.6074766355
14.2857142857
12.0777202073
25.3246753247
13.9293139293
20.1795142555
17.3347778982
12.5534950071
32.7272727273
17.5627240143
24.111431316
19.6691519105
18.8511326861
21.2885154062
13.1090196078
12.8813559322
21.1198428291
32.9969727548
13.3514986376
25.2140818268
21.3062098501
27.8207109737
12.0879120879
25.2909231963
18.4059161873
27.4725274725
15.1718983558
18.5151237397
13.7026239067
18.3926645092
16.1648177496
17.2830188679
13.039332878
15.170556553
5.8468468468
25.5102040816
15.873015873
16.2921348315
11.7535545024
14.7359454855
21.4109926169
17.9252479024
17.7039473684
23.9460370995
22.0197418375
13.6734693878
16.8363351605
28.978007762
22.6229508197
18.9303904924
11.1745513866
23.8194444444
17.6634991615
49.0518331226
41.6030534351
32.6747720365
59.1025641026
48.4104046243
51.9444444444
42.8571428571
45.6140350877
65.4961832061
23.3830845771
45.0462351387
9.5364238411
53.1168831169
61.4980289093
46.4140730717
35.0777934936
38.4839650146
57.4272588055
36.9623655914
24.8366013072
46.3651050081
73.3333333333
58.2176696543
42.8748451053
59.0395480226
49.4214876033
48.9477503628
37.3
40.6083213773
37.9356568365
34.0322580645
42.8
45.515394913
57.8163771712
32.8042328042
34.2302716688
42.522756827
36.0248447205
57.5989782886
46.2012320329
48.8341968912
68.128342246
50.7890961263
45.375
37.5350140056
47.7592829706
34.0916030534
34.1836734694
53.6764705882
44.2944785276
44.1734417344
48.1473456121
46.2174940898
28.6177105832
47.6479514416
39.2
44.8634590377
38.2391590013
22.792022792
43.391188251
30.1052631579
35.303030303
37.8151260504
45.2606635071
37.6923076923
22.9080932785
38.9322916667
37.3151308305
35.2417302799
29.012345679
55.2325581395
35.6679636835
35.5091383812
27.2775564409
34.7297297297
37.859922179
32.183908046
46.1942257218
12.7463863338
25.5427841635
26.2886597938
35.0332594235
47.1534653465
46.7473524962
35.8395989975
31.5789473684
24.4779582367
39.8383371824
36.1963190184
28.7304347826
53.8186157518
23.2558139535
42.0792079208
57.4529667149
29.7
18.3123877917
28.511821975
39.8471615721
33.0788804071
19.3103448276
43.7616511318
38.0769230769
35.6770833333
21.0606060606
24.0572171651
43.990086741
48.25
23.6486486486
47.7057497182
45.4545454545
34.6607669617
36.2467866324
42.675893887
20.6289308176
36.5261813538
52.358490566
40.5623471883
30.2613941019
22.9954614221
41.9738406659
36.1290322581
27.373853211
14.2857142857
47.1544715447
34.371257485
37.0277078086
30.6997742664
40.6542056075
39.7107897664
34.6753246753
31.5326633166
10.4438642298
15.4887218045
29.0201005025
37.9862068966
30.9744779582
48.6146095718
45.7109283196
18.2511210762
34.8066298343
35.6069364162
27.0801815431
26.307922272
37.9349046016
34.4916344916
25.4769921437
32.0216802168
28.7898089172
34.7480106101
29.5081967213
39.8717948718
43.6486486486
19.7058823529
24.5939675174
34.1126461211
27.2592592593
37.5149342891
28.8194444444
33.4788937409
33.2307692308
44.7405329593
20.6756756757
41.4779499404
39.3710691824
34.5342205323
22.3701731025
26.3759086189
38.2746051033
16.6394779772
32.7800829876
49.8049414824
54.1720154044
33.1303288672
36.8764302059
33.4913112164
20.3576341128
33.1034482759
32.43873979
43.5806831567
33.367983368
37.5
37.6728110599
34.628975265
43.6153846154
29.2358803987
29.2117465224
35.2449223417
36.2279511533
23.4314980794
27.7586206897
29.4605809129
28.1632653061
42.6549349656
32.3481116585
23.821656051
31.9036697248
32.1686746988
23.0912863071
33.7009803922
30
27.9140328698
21.8944099379
33.4098737084
34.7624565469
39.1359593393
14.2503097893
22.3922114047
23.9130434783
26.7053701016
43.893129771
38.315539739
32.5520833333
24.7706422018
33.451536643
41.3755458515
35.536159601
17.0639899624
29.2583120205
18.3
25.87244284
40.7894736842
29.3450881612
35.6164383562
45.5284552846
39.9509803922
10.0852272727
24.1430700447
21.237037037
17.7014531044
28.1326781327
43.6734693878
38.8250319285
13.5258358663
44.4305381727
33.3333333333
18.2291666667
23.0829015544
39.7502601457
22.6666666667
30.071942446
41.0169491525
35.5913978495
37.775202781
34.0659340659
34.0659340659
22.5465288035
25.5416191562
36.4303178484
23.7142857143
27.1777003484
33.9331619537
36.5313653137
37.9853095488
45.9128065395
41.780104712
16.4992826399
23.4965034965
11.0208816705
32.4708926261
43.433029909
23.1481481481
31.0393258427
22.1690590112
17.9910044978
38.3333333333
30.0361881785
32.3410013532
16.3851351351
25.1162790698
10.9115281501
19.1349934469
27.4044795784
28.8860103627
33.2943925234
26.2068965517
38.2460414129
28.938547486
42.7236315087
50.6748466258
33.8185890258
31.6
22.4256292906
43.17617866
39.6907216495
41.8439716312
31.15234375
36.6180048662
22.1092757306
22.9532163743
39.0756302521
40.1077375122
30.9012875536
21.2834224599
29.3382352941
35.6492027335
18.6197916667
36.6348448687
25.8469259724
24.8421052632
19.4701240135
30.8196721311
25.9119496855
27.0047169811
18.5654008439
31.2987012987
37.8992961559
40.1265822785
32.1944809461
25.5656108597
25.748502994
26.1786600496
29.5066413662
20.2263083451
36.7055771725
37.069813176
40.313549832
36.8239355581
35.875
24.4613434728
31.9338422392
23.3751425314
14.0801644399
28.2383419689
18.8346883469
32.9069767442
38.5738068812
40.245398773
23.9085239085
21.2290502793
35.8467243511
28.8
36.4741641337
44.9260042283
30.0653594771
18.1671779141
49.7562076749
41.1494696239
40.376984127
17.012987013
38.1546134663
24.6621621622
32.4585635359
30.4964539007
28.0346820809
23.875432526
22.3376623377
21.5317919075
38.8650963597
19.5335276968
32.8795811518
29.7267759563
11.3022113022
42.9963459196
44.0404040404
32.4146981627
35.83227446
19.6195005945
25.1764705882
24.9275362319
33.2323232323
28.6610878661
29.6568627451
31.2087912088
42.2712933754
30.0380228137
36.2549800797
41.6918429003
17.0076726343
29.3954248366
38.8711395101
24.584717608
43.253968254
23.4169653524
35.1203501094
17.0854271357
33.4140435835
36.6127023661
46.4010282776
31.7634173056
15.2823920266
33.9920948617
34.7682119205
19.8538367844
31.4833501514
27.4869109948
20.5517241379
43.1387559809
33.5203366059
43.5271807838
41.3929040736
22.1563981043
32.8310010764
34.861278649
24.4283995187
49.1642084562
27.3053892216
29.6476306197
30.6940063091
21.036889332
25.5086071987
27.3489278752
32.7796234773
25.9114583333
26.9076305221
33.8192419825
18.0628272251
31.8390804598
38.9074693423
19.8555956679
35.7142857143
26.6435986159
34.5
41.2065439673
25.0053821313
35.005574136
33.0299089727
31.3997655334
29.8
25.3515625
39.4181818182
41.7582417582
23.5294117647
32.7062228654
21.1
18.8202247191
27.5696445725
12.4820659971
35.5882352941
36.8271954674
34.7342398022
27.6568501921
29.5681063123
25.1778093883
29.7440423654
26.3337116913
31.1403508772
25.7297297297
17.1264367816
33.3333333333
34.9287169043
23.9263803681
25.6371814093
27.2624434389
36.170212766
23.3979135618
12.2292993631
26.6475644699
41.7341040462
30.3618711386
24.9310027599
24.2
25.4706533776
29.6948356808
25.3365973072
28.3076923077
33.1945889698
30.612244898
24.6575342466
20.6537356322
33.9393939394
40.5660377358
24.8123732252
28.3916083916
27.1653543307
34.4099378882
34.5070422535
16.4383561644
33.1560283688
54.6824542519
26.1294261294
30.4487179487
22.9590488771
34.4995140914
28.9351851852
39.6804260985
32.3595505618
32.2
33.9686098655
27.4215552524
18.3233532934
18.5018382353
31.6115702479
12.0226308345
18.0263157895
29.3601003764
23.2638888889
28.5217391304
26.2813522356
22.8110599078
27.0762229807
31.3309776207
35.9154929577
27.9855247286
34.1126461211
19.8150594452
29.8045602606
28.3456269758
26.3736263736
32.1280991736
31.7251461988
35.4736842105
38.3547008547
32.4357405141
11.6812227074
24.4994110718
20.159453303
19.2469437653
27.5614754098
38.0221653879
26.2154432793
43
30.2428256071
16.1137440758
24.4645441389
42.1760391198
29.7584541063
22.5700934579
29.4505494505
29.5101553166
27.4423710209
22.2091656874
15.6182212581
39.3660531697
22.0461095101
24.6023329799
31.9
21.6725559482
23.6311239193
18.3947065593
30.0486618005
24.4848484848
32
45.0847457627
32.2388059701
30.0134589502
21.3292117465
31.5862068966
45.9754433834
40.7407407407
16.9312169312
27.1241830065
24.0229555237
37.4193548387
29.0960451977
47.7764976959
31.2015503876
31.227217497
36.8111254851
42.7854454203
33.6676217765
38.3477188656
31.8
41.6541353383
37.8787878788
45.3760789149
40.8934707904
40.1554404145
51.1
55.2380952381
42.2093023256
39.7116644823
29.6240601504
26.8028846154
29.4258373206
18.948824343
14.9159663866
38.4760112888
21.438450899
19.6280991736
11.2293274531
44.4326617179
27.8634361233
15.5950752394
19.3672922252
21.9948849105
23.6856368564
27.1235521236
19.1206543967
25.5841121495
27.5084554679
31.0598111228
28.1081081081
32.6570048309
19.0626450116
19.6331360947
25
29.305785124
28.8198074278
13.1004366812
27.8350515464
25.6038647343
34.5295829292
19.62890625
23.3201581028
34.8793103448
33.7101747174
22.1
16.106442577
36.6285119667
25.4879448909
28.3828382838
19.6988707654
32.2258064516
15.331010453
21.8406593407
30.285152409
18.2041820418
30.6712962963
31.1418685121
27.816091954
6.0344827586
31.7548746518
20.6692913386
34.9541284404
12.84606866
25.0760736196
24.4943820225
30.0262054507
26.3011152416
14.0089418778
30.0655430712
15.0229357798
34.9944382647
26.9430051813
22.9257641921
26.1398176292
34.5521023766
32.9831932773
26.3129496403
17.5461741425
27.6617954071
31.9248826291
24.0328253224
31.5738025415
41.4906832298
35.0708502024
34.2731277533
29.4416243655
32.9857819905
31.3725490196
10.7311320755
